

Sl. No. MC CLA CLS BUFFER CLR
1 0 2 0 0 []
2 2 8 12 1 []
3 8 14 12 2 []
4 12 14 22 1 []
5 14 20 22 2 []
6 20 26 22 2 [25]
7 22 26 32 1 [25]
8 25 26 32 2 []
9 26 32 32 2 [31]
10 31 32 32 2 [36]
11 32 38 32 2 [36, 37]
12 32 38 42 1 [36, 37]
13 36 38 42 2 [37]
14 37 38 42 2 [42]
15 38 44 42 2 [42, 43]
16 42 44 42 2 [43, 47]
17 42 44 52 1 [43, 47]
18 43 44 52 2 [47]
19 44 50 52 2 [47, 49]
20 47 50 52 2 [49, 52]
21 49 50 52 2 [52, 54]
22 50 56 52 2 [52, 54, 55]
23 52 56 52 2 [54, 55, 57]
24 52 56 62 1 [54, 55, 57]
25 54 56 62 2 [55, 57]
26 55 56 62 2 [57, 60]
27 56 62 62 2 [57, 60, 61]
28 57 62 62 2 [60, 61, 62]
29 60 62 62 2 [61, 62, 65]
30 61 62 62 2 [62, 65, 66]
31 62 62 62 2 [65, 66, 67]
32 62 68 62 2 [65, 66, 67, 67]
33 62 68 72 1 [65, 66, 67, 67]
34 65 68 72 2 [66, 67, 67]
35 66 68 72 2 [67, 67, 71]
36 67 68 72 2 [67, 71, 72]
37 67 68 72 2 [71, 72, 72]
38 68 74 72 2 [71, 72, 72, 73]
39 71 74 72 2 [72, 72, 73, 76]
40 72 74 72 2 [72, 73, 76, 77]
41 72 74 72 2 [73, 76, 77, 77]
42 72 74 82 1 [73, 76, 77, 77]
43 73 74 82 2 [76, 77, 77]
44 74 80 82 2 [76, 77, 77, 79]
45 76 80 82 2 [77, 77, 79, 81]
46 77 80 82 2 [77, 79, 81, 82]
47 77 80 82 2 [79, 81, 82, 82]
48 79 80 82 2 [81, 82, 82, 84]
49 80 86 82 2 [81, 82, 82, 84, 85]
50 81 86 82 2 [82, 82, 84, 85, 86]
51 82 86 82 2 [82, 84, 85, 86, 87]
52 82 86 82 2 [84, 85, 86, 87, 87]
53 82 86 92 1 [84, 85, 86, 87, 87]
54 84 86 92 2 [85, 86, 87, 87]
55 85 86 92 2 [86, 87, 87, 90]
56 86 86 92 2 [87, 87, 90, 91]
57 86 92 92 2 [87, 87, 90, 91, 91]
58 87 92 92 2 [87, 90, 91, 91, 92]
59 87 92 92 2 [90, 91, 91, 92, 92]
60 90 92 92 2 [91, 91, 92, 92, 95]
61 91 92 92 2 [91, 92, 92, 95, 96]
62 91 92 92 2 [92, 92, 95, 96, 96]
63 92 92 92 2 [92, 95, 96, 96, 97]
64 92 92 92 2 [95, 96, 96, 97, 97]
65 92 98 92 2 [95, 96, 96, 97, 97, 97]
66 92 98 102 1 [95, 96, 96, 97, 97, 97]
67 95 98 102 2 [96, 96, 97, 97, 97]
68 96 98 102 2 [96, 97, 97, 97, 101]
69 96 98 102 2 [97, 97, 97, 101, 101]
70 97 98 102 2 [97, 97, 101, 101, 102]
71 97 98 102 2 [97, 101, 101, 102, 102]
72 97 98 102 2 [101, 101, 102, 102, 102]
73 98 104 102 2 [101, 101, 102, 102, 102, 103]
74 101 104 102 2 [101, 102, 102, 102, 103, 106]
75 101 104 102 2 [102, 102, 102, 103, 106, 106]
76 102 104 102 2 [102, 102, 103, 106, 106, 107]
77 102 104 102 2 [102, 103, 106, 106, 107, 107]
78 102 104 102 2 [103, 106, 106, 107, 107, 107]
79 102 104 112 1 [103, 106, 106, 107, 107, 107]
80 103 104 112 2 [106, 106, 107, 107, 107]
81 104 110 112 2 [106, 106, 107, 107, 107, 109]
82 106 110 112 2 [106, 107, 107, 107, 109, 111]
83 106 110 112 2 [107, 107, 107, 109, 111, 111]
84 107 110 112 2 [107, 107, 109, 111, 111, 112]
85 107 110 112 2 [107, 109, 111, 111, 112, 112]
86 107 110 112 2 [109, 111, 111, 112, 112, 112]
87 109 110 112 2 [111, 111, 112, 112, 112, 114]
88 110 116 112 2 [111, 111, 112, 112, 112, 114, 115]
89 111 116 112 2 [111, 112, 112, 112, 114, 115, 116]
90 111 116 112 2 [112, 112, 112, 114, 115, 116, 116]
91 112 116 112 2 [112, 112, 114, 115, 116, 116, 117]
92 112 116 112 2 [112, 114, 115, 116, 116, 117, 117]
93 112 116 112 2 [114, 115, 116, 116, 117, 117, 117]
94 112 116 122 1 [114, 115, 116, 116, 117, 117, 117]
95 114 116 122 2 [115, 116, 116, 117, 117, 117]
96 115 116 122 2 [116, 116, 117, 117, 117, 120]
97 116 116 122 2 [116, 117, 117, 117, 120, 121]
98 116 116 122 2 [117, 117, 117, 120, 121, 121]
99 116 122 122 2 [117, 117, 117, 120, 121, 121, 121]
100 117 122 122 2 [117, 117, 120, 121, 121, 121, 122]
101 117 122 122 2 [117, 120, 121, 121, 121, 122, 122]
102 117 122 122 2 [120, 121, 121, 121, 122, 122, 122]
103 120 122 122 2 [121, 121, 121, 122, 122, 122, 125]
104 121 122 122 2 [121, 121, 122, 122, 122, 125, 126]
105 121 122 122 2 [121, 122, 122, 122, 125, 126, 126]
106 121 122 122 2 [122, 122, 122, 125, 126, 126, 126]
107 122 122 122 2 [122, 122, 125, 126, 126, 126, 127]
108 122 122 122 2 [122, 125, 126, 126, 126, 127, 127]
109 122 122 122 2 [125, 126, 126, 126, 127, 127, 127]
110 122 128 122 2 [125, 126, 126, 126, 127, 127, 127, 127]
111 122 128 132 1 [125, 126, 126, 126, 127, 127, 127, 127]
112 125 128 132 2 [126, 126, 126, 127, 127, 127, 127]
113 126 128 132 2 [126, 126, 127, 127, 127, 127, 131]
114 126 128 132 2 [126, 127, 127, 127, 127, 131, 131]
115 126 128 132 2 [127, 127, 127, 127, 131, 131, 131]
116 127 128 132 2 [127, 127, 127, 131, 131, 131, 132]
117 127 128 132 2 [127, 127, 131, 131, 131, 132, 132]
118 127 128 132 2 [127, 131, 131, 131, 132, 132, 132]
119 127 128 132 2 [131, 131, 131, 132, 132, 132, 132]
120 128 134 132 2 [131, 131, 131, 132, 132, 132, 132, 133]
121 131 134 132 2 [131, 131, 132, 132, 132, 132, 133, 136]
122 131 134 132 2 [131, 132, 132, 132, 132, 133, 136, 136]
123 131 134 132 2 [132, 132, 132, 132, 133, 136, 136, 136]
124 132 134 132 2 [132, 132, 132, 133, 136, 136, 136, 137]
125 132 134 132 2 [132, 132, 133, 136, 136, 136, 137, 137]
126 132 134 132 2 [132, 133, 136, 136, 136, 137, 137, 137]
127 132 134 132 2 [133, 136, 136, 136, 137, 137, 137, 137]
128 132 134 142 1 [133, 136, 136, 136, 137, 137, 137, 137]
129 133 134 142 2 [136, 136, 136, 137, 137, 137, 137]
130 134 140 142 2 [136, 136, 136, 137, 137, 137, 137, 139]
131 136 140 142 2 [136, 136, 137, 137, 137, 137, 139, 141]
132 136 140 142 2 [136, 137, 137, 137, 137, 139, 141, 141]
133 136 140 142 2 [137, 137, 137, 137, 139, 141, 141, 141]
134 137 140 142 2 [137, 137, 137, 139, 141, 141, 141, 142]
135 137 140 142 2 [137, 137, 139, 141, 141, 141, 142, 142]
136 137 140 142 2 [137, 139, 141, 141, 141, 142, 142, 142]
137 137 140 142 2 [139, 141, 141, 141, 142, 142, 142, 142]
138 139 140 142 2 [141, 141, 141, 142, 142, 142, 142, 144]
139 140 146 142 2 [141, 141, 141, 142, 142, 142, 142, 144, 145]
140 141 146 142 2 [141, 141, 142, 142, 142, 142, 144, 145, 146]
141 141 146 142 2 [141, 142, 142, 142, 142, 144, 145, 146, 146]
142 141 146 142 2 [142, 142, 142, 142, 144, 145, 146, 146, 146]
143 142 146 142 2 [142, 142, 142, 144, 145, 146, 146, 146, 147]
144 142 146 142 2 [142, 142, 144, 145, 146, 146, 146, 147, 147]
145 142 146 142 2 [142, 144, 145, 146, 146, 146, 147, 147, 147]
146 142 146 142 2 [144, 145, 146, 146, 146, 147, 147, 147, 147]
147 142 146 152 1 [144, 145, 146, 146, 146, 147, 147, 147, 147]
148 144 146 152 2 [145, 146, 146, 146, 147, 147, 147, 147]
149 145 146 152 2 [146, 146, 146, 147, 147, 147, 147, 150]
150 146 146 152 2 [146, 146, 147, 147, 147, 147, 150, 151]
151 146 146 152 2 [146, 147, 147, 147, 147, 150, 151, 151]
152 146 146 152 2 [147, 147, 147, 147, 150, 151, 151, 151]
153 146 152 152 2 [147, 147, 147, 147, 150, 151, 151, 151, 151]
154 147 152 152 2 [147, 147, 147, 150, 151, 151, 151, 151, 152]
155 147 152 152 2 [147, 147, 150, 151, 151, 151, 151, 152, 152]
156 147 152 152 2 [147, 150, 151, 151, 151, 151, 152, 152, 152]
157 147 152 152 2 [150, 151, 151, 151, 151, 152, 152, 152, 152]
158 150 152 152 2 [151, 151, 151, 151, 152, 152, 152, 152, 155]
159 151 152 152 2 [151, 151, 151, 152, 152, 152, 152, 155, 156]
160 151 152 152 2 [151, 151, 152, 152, 152, 152, 155, 156, 156]
161 151 152 152 2 [151, 152, 152, 152, 152, 155, 156, 156, 156]
162 151 152 152 2 [152, 152, 152, 152, 155, 156, 156, 156, 156]
163 152 152 152 2 [152, 152, 152, 155, 156, 156, 156, 156, 157]
164 152 152 152 2 [152, 152, 155, 156, 156, 156, 156, 157, 157]
165 152 152 152 2 [152, 155, 156, 156, 156, 156, 157, 157, 157]
166 152 152 152 2 [155, 156, 156, 156, 156, 157, 157, 157, 157]
167 152 158 152 2 [155, 156, 156, 156, 156, 157, 157, 157, 157, 157]
168 152 158 162 1 [155, 156, 156, 156, 156, 157, 157, 157, 157, 157]
169 155 158 162 2 [156, 156, 156, 156, 157, 157, 157, 157, 157]
170 156 158 162 2 [156, 156, 156, 157, 157, 157, 157, 157, 161]
171 156 158 162 2 [156, 156, 157, 157, 157, 157, 157, 161, 161]
172 156 158 162 2 [156, 157, 157, 157, 157, 157, 161, 161, 161]
173 156 158 162 2 [157, 157, 157, 157, 157, 161, 161, 161, 161]
174 157 158 162 2 [157, 157, 157, 157, 161, 161, 161, 161, 162]
175 157 158 162 2 [157, 157, 157, 161, 161, 161, 161, 162, 162]
176 157 158 162 2 [157, 157, 161, 161, 161, 161, 162, 162, 162]
177 157 158 162 2 [157, 161, 161, 161, 161, 162, 162, 162, 162]
178 157 158 162 2 [161, 161, 161, 161, 162, 162, 162, 162, 162]
179 158 164 162 2 [161, 161, 161, 161, 162, 162, 162, 162, 162, 163]
180 161 164 162 2 [161, 161, 161, 162, 162, 162, 162, 162, 163, 166]
181 161 164 162 2 [161, 161, 162, 162, 162, 162, 162, 163, 166, 166]
182 161 164 162 2 [161, 162, 162, 162, 162, 162, 163, 166, 166, 166]
183 161 164 162 2 [162, 162, 162, 162, 162, 163, 166, 166, 166, 166]
184 162 164 162 2 [162, 162, 162, 162, 163, 166, 166, 166, 166, 167]
185 162 164 162 2 [162, 162, 162, 163, 166, 166, 166, 166, 167, 167]
186 162 164 162 2 [162, 162, 163, 166, 166, 166, 166, 167, 167, 167]
187 162 164 162 2 [162, 163, 166, 166, 166, 166, 167, 167, 167, 167]
188 162 164 162 2 [163, 166, 166, 166, 166, 167, 167, 167, 167, 167]
189 162 164 172 1 [163, 166, 166, 166, 166, 167, 167, 167, 167, 167]
190 163 164 172 2 [166, 166, 166, 166, 167, 167, 167, 167, 167]
191 164 170 172 2 [166, 166, 166, 166, 167, 167, 167, 167, 167, 169]
192 166 170 172 2 [166, 166, 166, 167, 167, 167, 167, 167, 169, 171]
193 166 170 172 2 [166, 166, 167, 167, 167, 167, 167, 169, 171, 171]
194 166 170 172 2 [166, 167, 167, 167, 167, 167, 169, 171, 171, 171]
195 166 170 172 2 [167, 167, 167, 167, 167, 169, 171, 171, 171, 171]
196 167 170 172 2 [167, 167, 167, 167, 169, 171, 171, 171, 171, 172]
197 167 170 172 2 [167, 167, 167, 169, 171, 171, 171, 171, 172, 172]
198 167 170 172 2 [167, 167, 169, 171, 171, 171, 171, 172, 172, 172]
199 167 170 172 2 [167, 169, 171, 171, 171, 171, 172, 172, 172, 172]
200 167 170 172 2 [169, 171, 171, 171, 171, 172, 172, 172, 172, 172]
201 169 170 172 2 [171, 171, 171, 171, 172, 172, 172, 172, 172, 174]
202 170 176 172 2 [171, 171, 171, 171, 172, 172, 172, 172, 172, 174, 175]
203 171 176 172 2 [171, 171, 171, 172, 172, 172, 172, 172, 174, 175, 176]
204 171 176 172 2 [171, 171, 172, 172, 172, 172, 172, 174, 175, 176, 176]
205 171 176 172 2 [171, 172, 172, 172, 172, 172, 174, 175, 176, 176, 176]
206 171 176 172 2 [172, 172, 172, 172, 172, 174, 175, 176, 176, 176, 176]
207 172 176 172 2 [172, 172, 172, 172, 174, 175, 176, 176, 176, 176, 177]
208 172 176 172 2 [172, 172, 172, 174, 175, 176, 176, 176, 176, 177, 177]
209 172 176 172 2 [172, 172, 174, 175, 176, 176, 176, 176, 177, 177, 177]
210 172 176 172 2 [172, 174, 175, 176, 176, 176, 176, 177, 177, 177, 177]
211 172 176 172 2 [174, 175, 176, 176, 176, 176, 177, 177, 177, 177, 177]
212 172 176 182 1 [174, 175, 176, 176, 176, 176, 177, 177, 177, 177, 177]
213 174 176 182 2 [175, 176, 176, 176, 176, 177, 177, 177, 177, 177]
214 175 176 182 2 [176, 176, 176, 176, 177, 177, 177, 177, 177, 180]
215 176 176 182 2 [176, 176, 176, 177, 177, 177, 177, 177, 180, 181]
216 176 176 182 2 [176, 176, 177, 177, 177, 177, 177, 180, 181, 181]
217 176 176 182 2 [176, 177, 177, 177, 177, 177, 180, 181, 181, 181]
218 176 176 182 2 [177, 177, 177, 177, 177, 180, 181, 181, 181, 181]
219 176 182 182 2 [177, 177, 177, 177, 177, 180, 181, 181, 181, 181, 181]
220 177 182 182 2 [177, 177, 177, 177, 180, 181, 181, 181, 181, 181, 182]
221 177 182 182 2 [177, 177, 177, 180, 181, 181, 181, 181, 181, 182, 182]
222 177 182 182 2 [177, 177, 180, 181, 181, 181, 181, 181, 182, 182, 182]
223 177 182 182 2 [177, 180, 181, 181, 181, 181, 181, 182, 182, 182, 182]
224 177 182 182 2 [180, 181, 181, 181, 181, 181, 182, 182, 182, 182, 182]
225 180 182 182 2 [181, 181, 181, 181, 181, 182, 182, 182, 182, 182, 185]
226 181 182 182 2 [181, 181, 181, 181, 182, 182, 182, 182, 182, 185, 186]
227 181 182 182 2 [181, 181, 181, 182, 182, 182, 182, 182, 185, 186, 186]
228 181 182 182 2 [181, 181, 182, 182, 182, 182, 182, 185, 186, 186, 186]
229 181 182 182 2 [181, 182, 182, 182, 182, 182, 185, 186, 186, 186, 186]
230 181 182 182 2 [182, 182, 182, 182, 182, 185, 186, 186, 186, 186, 186]
231 182 182 182 2 [182, 182, 182, 182, 185, 186, 186, 186, 186, 186, 187]
232 182 182 182 2 [182, 182, 182, 185, 186, 186, 186, 186, 186, 187, 187]
233 182 182 182 2 [182, 182, 185, 186, 186, 186, 186, 186, 187, 187, 187]
234 182 182 182 2 [182, 185, 186, 186, 186, 186, 186, 187, 187, 187, 187]
235 182 182 182 2 [185, 186, 186, 186, 186, 186, 187, 187, 187, 187, 187]
236 182 188 182 2 [185, 186, 186, 186, 186, 186, 187, 187, 187, 187, 187, 187]
237 182 188 192 1 [185, 186, 186, 186, 186, 186, 187, 187, 187, 187, 187, 187]
238 185 188 192 2 [186, 186, 186, 186, 186, 187, 187, 187, 187, 187, 187]
239 186 188 192 2 [186, 186, 186, 186, 187, 187, 187, 187, 187, 187, 191]
240 186 188 192 2 [186, 186, 186, 187, 187, 187, 187, 187, 187, 191, 191]
241 186 188 192 2 [186, 186, 187, 187, 187, 187, 187, 187, 191, 191, 191]
242 186 188 192 2 [186, 187, 187, 187, 187, 187, 187, 191, 191, 191, 191]
243 186 188 192 2 [187, 187, 187, 187, 187, 187, 191, 191, 191, 191, 191]
244 187 188 192 2 [187, 187, 187, 187, 187, 191, 191, 191, 191, 191, 192]
245 187 188 192 2 [187, 187, 187, 187, 191, 191, 191, 191, 191, 192, 192]
246 187 188 192 2 [187, 187, 187, 191, 191, 191, 191, 191, 192, 192, 192]
247 187 188 192 2 [187, 187, 191, 191, 191, 191, 191, 192, 192, 192, 192]
248 187 188 192 2 [187, 191, 191, 191, 191, 191, 192, 192, 192, 192, 192]
249 187 188 192 2 [191, 191, 191, 191, 191, 192, 192, 192, 192, 192, 192]
250 188 194 192 2 [191, 191, 191, 191, 191, 192, 192, 192, 192, 192, 192, 193]
251 191 194 192 2 [191, 191, 191, 191, 192, 192, 192, 192, 192, 192, 193, 196]
252 191 194 192 2 [191, 191, 191, 192, 192, 192, 192, 192, 192, 193, 196, 196]
253 191 194 192 2 [191, 191, 192, 192, 192, 192, 192, 192, 193, 196, 196, 196]
254 191 194 192 2 [191, 192, 192, 192, 192, 192, 192, 193, 196, 196, 196, 196]
255 191 194 192 2 [192, 192, 192, 192, 192, 192, 193, 196, 196, 196, 196, 196]
256 192 194 192 2 [192, 192, 192, 192, 192, 193, 196, 196, 196, 196, 196, 197]
257 192 194 192 2 [192, 192, 192, 192, 193, 196, 196, 196, 196, 196, 197, 197]
258 192 194 192 2 [192, 192, 192, 193, 196, 196, 196, 196, 196, 197, 197, 197]
259 192 194 192 2 [192, 192, 193, 196, 196, 196, 196, 196, 197, 197, 197, 197]
260 192 194 192 2 [192, 193, 196, 196, 196, 196, 196, 197, 197, 197, 197, 197]
261 192 194 192 2 [193, 196, 196, 196, 196, 196, 197, 197, 197, 197, 197, 197]
262 192 194 202 1 [193, 196, 196, 196, 196, 196, 197, 197, 197, 197, 197, 197]
263 193 194 202 2 [196, 196, 196, 196, 196, 197, 197, 197, 197, 197, 197]
264 194 200 202 2 [196, 196, 196, 196, 196, 197, 197, 197, 197, 197, 197, 199]
265 196 200 202 2 [196, 196, 196, 196, 197, 197, 197, 197, 197, 197, 199, 201]
266 196 200 202 2 [196, 196, 196, 197, 197, 197, 197, 197, 197, 199, 201, 201]
267 196 200 202 2 [196, 196, 197, 197, 197, 197, 197, 197, 199, 201, 201, 201]
268 196 200 202 2 [196, 197, 197, 197, 197, 197, 197, 199, 201, 201, 201, 201]
269 196 200 202 2 [197, 197, 197, 197, 197, 197, 199, 201, 201, 201, 201, 201]
270 197 200 202 2 [197, 197, 197, 197, 197, 199, 201, 201, 201, 201, 201, 202]
271 197 200 202 2 [197, 197, 197, 197, 199, 201, 201, 201, 201, 201, 202, 202]
272 197 200 202 2 [197, 197, 197, 199, 201, 201, 201, 201, 201, 202, 202, 202]
273 197 200 202 2 [197, 197, 199, 201, 201, 201, 201, 201, 202, 202, 202, 202]
274 197 200 202 2 [197, 199, 201, 201, 201, 201, 201, 202, 202, 202, 202, 202]
275 197 200 202 2 [199, 201, 201, 201, 201, 201, 202, 202, 202, 202, 202, 202]
276 199 200 202 2 [201, 201, 201, 201, 201, 202, 202, 202, 202, 202, 202, 204]
277 200 206 202 2 [201, 201, 201, 201, 201, 202, 202, 202, 202, 202, 202, 204, 205]
